Gonzaga							5.3371		29		2	3.16532		1.55095
Kansas							5.2241		28		3	2.01683		2.29049
Duke							4.7581		25		6	1.99233		1.97582
Dayton							4.6371		29		2	2.12045		1.79722
Michigan State					4.4791		22		9	1.776		1.93055
Kentucky						4.1021		25		6	1.57493		1.80498
Ohio State						3.9991		21		10	1.58331		1.7258
Florida State					3.9491		26		5	1.3363		1.86649
Maryland						3.8481		24		7	1.30086		1.81961
Baylor							3.8441		26		4	1.04292		2.0008
Houston							3.7991		23		8	1.41103		1.70573
San Diego State					3.7431		30		2	1.70795		1.45359
Auburn							3.7021		25		6	1.48951		1.58003
Louisville						3.6301		24		7	1.2277		1.71585
Arizona							3.6171		20		11	1.50505		1.5083
Seton Hall						3.6151		21		9	1.11919		1.78305
Michigan						3.5641		19		12	1.36946		1.56763
Colorado						3.5571		21		10	1.49228		1.47492
Utah State						3.4951		26		8	2.17705		0.941305
West Virginia					3.4881		21		10	1.12571		1.68705
Villanova						3.4251		24		7	0.954605		1.76434
LSU								3.4151		21		10	1.17413		1.60031
Illinois						3.3621		21		10	1.32201		1.45692
Mississippi State				3.3321		20		11	1.19083		1.52972
Oregon							3.2161		24		7	0.950923		1.61759
Virginia						3.1561		23		7	1.01829		1.52695
Texas Tech						3.1451		18		13	1.11053		1.45284
Penn State						3.1301		21		10	1.0055		1.51771
Cincinnati						3.1281		20		10	1.155		1.40956
Florida							3.1061		19		12	0.899488		1.57596
Creighton						3.1061		24		7	0.775137		1.66459
Memphis							3.0971		21		10	1.37521		1.22957
Marquette						2.9391		18		12	1.03652		1.35875
Yale							2.9351		23		7	1.73131		0.859852
Wisconsin						2.9241		21		10	0.612376		1.6515
Iowa							2.8991		20		11	0.670413		1.59216
Butler							2.8931		22		9	0.689319		1.57392
ETSU							2.8751		29		4	1.78126		0.781342
Rutgers							2.8511		20		11	0.872187		1.41345
Minnesota						2.8281		14		16	0.748193		1.4854
Indiana							2.7781		19		12	0.789681		1.42054
Oklahoma						2.7671		19		12	0.617776		1.53528
Wichita State					2.7151		22		9	0.939234		1.26831
Saint Mary's					2.7121		24		7	1.27561		1.02598
Akron							2.6781		24		7	1.2742		1.00261
Tennessee						2.6761		17		14	0.827566		1.32036
USC								2.6641		22		9	0.813827		1.32175
BYU								2.5581		24		7	0.914208		1.17409
Richmond						2.5261		24		7	0.729679		1.28327
Northern Iowa					2.5121		25		6	1.18752		0.946279
Saint Louis						2.4691		23		8	1.10077		0.977118
UConn							2.4611		19		12	0.775154		1.20412
Ball State						2.4401		18		13	1.25071		0.849817
Notre Dame						2.3991		19		12	0.738038		1.18631
Xavier							2.3821		19		12	0.466865		1.36778
Providence						2.3601		19		12	0.463654		1.35449
Washington						2.3541		15		16	0.898082		1.04003
UCLA							2.3161		19		12	0.792094		1.08854
Purdue							2.3151		16		15	0.2103		1.50334
Stanford						2.2951		20		11	0.370415		1.37472
Arkansas						2.2631		19		12	0.354269		1.36331
Liberty							2.2291		30		4	2.31526		-0.061682
New Mexico State				2.2101		25		6	1.92895		0.20107
Harvard							2.0991		21		8	1.17449		0.660005
Oregon State					2.0521		17		13	0.733148		0.942047
Georgia Tech					2.0501		17		14	0.271443		1.27076
Rhode Island					2.0471		21		9	0.634033		1.00957
NC State						1.9941		19		12	0.0919365		1.35835
San Francisco					1.9681		22		11	0.921222		0.747446
Alabama							1.9261		16		15	0.0515671		1.33892
SMU								1.8621		19		11	0.478699		0.988298
UNC Greensboro					1.8201		23		9	0.955939		0.616973
Duquesne						1.8051		21		9	0.82232		0.701975
Toledo							1.7831		16		15	1.04616		0.526303
UNC								1.7751		13		18	0.125901		1.17757
Tulsa							1.7521		21		10	0.211551		1.10024
Oklahoma State					1.7501		17		14	-0.0969279		1.31889
Syracuse						1.7431		17		14	0.00926791		1.23818
Boise State						1.7271		20		12	0.797088		0.664281
Murray State					1.7111		23		9	1.69975		0.00775916
Louisiana Tech					1.7061		22		8	0.957563		0.534256
Utah							1.6841		16		14	0.471705		0.866035
Pacific							1.6621		23		10	1.1685		0.352538
Little Rock						1.6591		21		10	1.0295		0.449548
Kent State						1.6341		19		12	0.646911		0.705132
Davidson						1.6151		16		14	0.540317		0.767701
Belmont							1.6131		26		7	1.37707		0.168698
Colorado State					1.6091		20		12	0.983907		0.446588
Clemson							1.6031		15		15	-0.063187		1.19004
Georgetown						1.5831		15		16	0.171592		1.00823
Bradley							1.5721		23		11	0.722242		0.606622
Northern Colorado				1.5621		22		9	1.72584		-0.116863
Vermont							1.5581		25		7	1.49454		0.0451815
Western Kentucky				1.5541		21		10	0.787814		0.547191
Buffalo							1.5481		20		11	0.48215		0.761157
South Carolina					1.5441		18		13	-0.220832		1.26067
VCU								1.5381		18		13	0.247392		0.921645
Georgia							1.4671		15		16	0.141053		0.947201
Furman							1.3951		25		7	0.622926		0.551311
Missouri						1.3681		15		16	-0.161949		1.09259
Wright State					1.3591		25		6	1.54197		-0.130898
Nevada							1.3431		19		12	0.496762		0.60442
UC-Irvine						1.3391		21		11	1.56925		-0.164742
TCU								1.3341		16		15	-0.0888744		1.01601
North Texas						1.2711		20		11	0.464105		0.576162
Arizona State					1.2431		20		11	-0.423297		1.19015
Virginia Tech					1.2431		16		15	0.0900068		0.823266
Wake Forest						1.2361		13		17	-0.179252		1.01057
Loyola (IL)						1.2241		21		11	0.51401		0.507046
Missouri State					1.1981		16		17	0.33874		0.613943
Stephen F. Austin				1.1801		28		3	1.44735		-0.190876
Texas State						1.1421		20		11	0.505764		0.454548
Texas							1.1081		19		12	-0.580468		1.20586
Western Carolina				1.1001		19		12	0.661654		0.312971
Iowa State						1.0601		12		19	-0.172602		0.880739
Hofstra							1.0461		24		8	0.820611		0.160906
North Dakota State				1.0451		23		8	1.4707		-0.304074
St. John's (NY)					1.0451		16		15	-0.287283		0.951614
Ole Miss						1.0281		15		16	-0.338302		0.975676
Georgia Southern				1.0041		18		13	0.586356		0.298399
UCF								0.9941		16		14	-0.19111		0.846859
Ohio							0.8661		16		15	0.288162		0.412521
Drake							0.8251		20		14	0.49964		0.232509
Pitt							0.8251		15		16	-0.29533		0.800227
South Florida					0.8231		14		17	-0.217728		0.743118
Chattanooga						0.8061		20		13	0.361318		0.317583
Penn							0.7941		16		11	0.390111		0.288342
UNLV							0.7941		17		15	-0.101174		0.639057
Texas A&M						0.7921		16		14	-0.666949		1.04226
Valparaiso						0.7651		19		16	0.00212498		0.544774
Temple							0.7411		14		17	-0.258196		0.713469
California Baptist				0.7341		21		10	1.42531		-0.49374
Princeton						0.7321		14		13	0.377432		0.25329
South Alabama					0.7211		20		11	0.252872		0.334568
Bowling Green State				0.6941		21		10	0.000662635		0.494943
Georgia State					0.6891		19		12	0.0994685		0.421069
Northern Illinois				0.6841		18		13	-0.0633134		0.533449
Towson							0.6771		19		13	0.635229		0.0300105
DePaul							0.6611		15		16	-0.524077		0.846481
Indiana State					0.6581		18		12	0.0676685		0.421528
Northeastern					0.6461		16		15	0.567619		0.0559206
South Dakota State				0.5971		22		10	1.04519		-0.31988
Eastern Washington				0.5621		23		8	0.619139		-0.0410945
UCSB							0.5561		21		10	1.26027		-0.502719
William & Mary					0.5401		21		11	0.833356		-0.209877
Northern Kentucky				0.5311		21		9	0.945659		-0.296281
Appalachian State				0.5221		17		14	0.189503		0.237757
Eastern Michigan				0.5201		16		15	-0.00932143		0.377908
Washington State				0.5101		15		16	-0.260026		0.550179
Marshall						0.5041		16		15	0.0995909		0.288631
Florida International			0.4921		18		13	0.341665		0.107589
Miami (FL)						0.4921		15		15	-0.998371		1.06458
St. Bonaventure					0.4861		19		12	-0.178122		0.47405
Winthrop						0.4861		24		10	0.947392		-0.329895
Charlotte						0.4711		16		13	0.311762		0.113999
Central Michigan				0.4681		14		17	-0.144763		0.438018
Wofford							0.4611		19		15	0.0284579		0.308866
New Mexico						0.4311		19		14	0.247483		0.131154
Austin Peay						0.4121		21		12	0.584823		-0.12344
Texas-Arlington					0.3941		14		18	0.0445355		0.249783
George Mason					0.3931		16		15	0.0273261		0.261141
Santa Clara						0.3711		20		13	0.356274		0.0104127
Colgate							0.3191		25		8	0.773017		-0.324305
Vanderbilt						0.3181		11		20	-0.53491		0.609554
Delaware						0.3101		22		10	0.33073		-0.0144958
Alabama-Birmingham				0.3081		18		13	0.452824		-0.103615
Fresno State					0.2611		11		19	0.317776		-0.0404684
UTEP							0.2291		17		14	0.37916		-0.107382
North Florida					0.2231		21		12	0.584109		-0.257715
Kansas State					0.2131		10		21	-0.870316		0.774125
South Dakota					0.1441		20		12	0.892497		-0.534687
Southern Utah					0.1291		16		15	0.847275		-0.513036
Arkansas State					0.0991		16		16	0.12708		-0.0198053
Coastal Carolina				0.0381		16		16	-0.255463		0.209792
Sacramento State				0.0261		15		14	0.886227		-0.614497
UMass							0.0221		14		17	-0.665933		0.49141
Mercer							0.0121		17		15	0.0274818		-0.0111383
Oral Roberts					-0.0189		17		13	0.519598		-0.384896
Brown							-0.0239		15		12	-0.136174		0.0802087
Florida Atlantic				-0.0459		16		15	0.0980539		-0.103077
Pepperdine						-0.0499		16		16	-0.335817		0.204046
Old Dominion					-0.1009		13		18	-0.257141		0.111768
Dartmouth						-0.1479		12		17	-0.0649271		-0.0590011
Siena							-0.1489		19		10	0.934027		-0.773386
Southern Illinois				-0.1629		16		16	-0.519238		0.254734
UC-Riverside					-0.1789		17		15	0.816607		-0.711147
Boston College					-0.2399		13		18	-1.09321		0.609392
Lafayette						-0.2539		19		12	0.754071		-0.719706
North Dakota					-0.2549		14		17	0.444252		-0.499756
Radford							-0.2719		21		11	0.492585		-0.545826
Abilene Christian				-0.2739		20		11	0.619622		-0.637982
Rice							-0.2739		15		16	0.0845136		-0.255921
Stony Brook						-0.2769		20		12	0.580254		-0.612318
Eastern Illinois				-0.2799		17		15	0.482643		-0.5444
Western Michigan				-0.2819		13		18	-0.568609		0.204991
California						-0.2829		13		18	-1.31975		0.740649
Tulane							-0.3829		13		17	-1.1602		0.55513
Sacred Heart					-0.3859		20		13	0.940899		-0.947611
Northwestern					-0.3929		8		22	-1.42872		0.74
Portland State					-0.3949		18		14	0.0994751		-0.353246
East Carolina					-0.4349		11		20	-0.715774		0.200819
Miami (OH)						-0.4379		12		19	-0.809249		0.264824
Boston University				-0.4409		20		13	0.265471		-0.504896
College of Charleston			-0.4449		17		14	-0.317322		-0.0909125
Tennessee State					-0.4629		18		15	0.3818		-0.603258
George Washington				-0.4669		12		19	-0.511111		0.0316056
Gardner-Webb					-0.5079		16		16	0.31452		-0.587216
Air Force						-0.5249		12		20	-0.548946		0.0171705
Louisiana						-0.5659		14		18	-0.526098		-0.0281739
La Salle						-0.5709		15		15	-0.896493		0.232415
Saint Francis (PA)				-0.6319		22		9	0.445366		-0.769474
Hawaii							-0.6419		17		13	0.306691		-0.677889
Drexel							-0.6849		14		19	-0.0907176		-0.424802
McNeese State					-0.7219		15		16	0.85696		-1.12748
Northern Arizona				-0.7479		16		13	0.140386		-0.634255
New Hampshire					-0.7589		15		15	0.261417		-0.72918
Green Bay						-0.7609		17		15	-0.0205846		-0.528781
Rider							-0.7699		18		12	0.450818		-0.871681
VMI								-0.7779		9		24	-0.349263		-0.30615
UIC								-0.8019		17		16	-0.0522223		-0.53527
Seattle							-0.8149		14		15	-0.227889		-0.419609
Nebraska						-0.8729		7		24	-1.50842		0.453953
Utah Valley						-0.8789		11		19	0.237276		-0.797332
Nicholls State					-0.9239		21		10	-0.0143733		-0.649548
UTSA							-0.9329		13		18	-0.591289		-0.243989
Youngstown State				-0.9339		18		15	0.069994		-0.717187
Jacksonville					-0.9459		14		18	0.0268491		-0.694726
Louisiana-Monroe				-0.9679		9		20	-0.726539		-0.172771
Illinois State					-0.9729		10		21	-1.0138		0.0292767
Texas-Rio Grande Valley			-0.9899		14		16	-0.181451		-0.577705
Montana							-1.0309		18		13	-0.678484		-0.251628
Oakland							-1.0559		14		19	-0.0560495		-0.71459
Southern						-1.0599		16		15	-0.0844845		-0.696772
North Carolina Central			-1.0659		17		13	0.247081		-0.937913
Lipscomb						-1.0689		16		16	-0.410948		-0.469976
Jacksonville State				-1.0839		13		19	0.112064		-0.854343
Montana State					-1.1049		16		15	-0.165404		-0.670974
American						-1.1139		16		14	-0.190509		-0.65976
Evansville						-1.1149		9		23	-0.701739		-0.294951
UMKC							-1.1699		16		14	-0.636315		-0.38086
Cornell							-1.2169		7		20	-0.842937		-0.267158
North Alabama					-1.2279		13		17	-0.13167		-0.783329
Prairie View					-1.2369		18		13	-0.196912		-0.742957
Grambling						-1.2419		17		14	0.334433		-1.12585
Norfolk State					-1.2579		16		15	0.143796		-1.00119
Bryant							-1.2579		15		17	0.391636		-1.17859
Lamar							-1.2639		16		15	0.0982777		-0.972707
San Diego						-1.2849		9		23	-0.897808		-0.276648
North Carolina A&T				-1.2919		16		15	-0.0803455		-0.865277
Cal State Bakersfield			-1.2979		12		19	-0.362758		-0.66816
Loyola Marymount				-1.3199		11		21	-1.25231		-0.0481547
St. Peter's						-1.3369		18		12	-0.0528029		-0.917156
Weber State						-1.3479		12		19	-0.353125		-0.710645
Sam Houston State				-1.3549		18		13	-0.20757		-0.819681
UMass-Lowell					-1.3579		13		19	0.0209755		-0.984685
Purdue-Fort Wayne				-1.3899		14		18	-0.270801		-0.799303
Loyola (MD)						-1.4229		15		17	-0.0176783		-1.00358
Campbell						-1.4349		15		16	-0.055827		-0.984925
UNC Wilmington					-1.4509		10		22	-0.624471		-0.590498
Bethune-Cookman					-1.4509		16		14	-0.0605791		-0.993281
Stetson							-1.4529		16		17	-0.432078		-0.729074
Robert Morris					-1.4729		19		14	-0.245865		-0.876638
UMBC							-1.4839		16		16	-0.341446		-0.815787
Morehead State					-1.4989		13		19	-0.213314		-0.918226
Hampton							-1.5209		15		19	-0.210642		-0.936262
James Madison					-1.5299		9		21	-0.462291		-0.762876
Idaho State						-1.5339		7		22	-0.0910117		-1.03062
UC-Davis						-1.5439		14		18	-0.795604		-0.53451
Wyoming							-1.5549		9		24	-1.73267		0.126572
Hartford						-1.5759		17		15	-0.477326		-0.784981
Grand Canyon					-1.5869		13		17	-0.681414		-0.64668
Alcorn State					-1.6289		15		14	0.157177		-1.27589
Middle Tennessee				-1.6779		8		23	-0.864669		-0.580809
Cal State Northridge			-1.7019		15		17	-0.769086		-0.666287
Albany (NY)						-1.7169		14		18	-0.394913		-0.943994
Quinnipiac						-1.7219		15		15	0.141749		-1.33147
Fordham							-1.7339		8		22	-1.42322		-0.221665
Troy							-1.7619		9		22	-1.2757		-0.347187
Omaha							-1.7699		16		16	-0.860152		-0.65012
St. Joseph's					-1.7779		6		25	-1.66117		-0.0832409
Citadel							-1.7949		6		24	-0.90095		-0.638805
Navy							-1.8199		14		16	-0.537427		-0.915991
Elon							-1.8429		13		20	-1.2554		-0.419662
Merrimack						-1.8499		20		11	-0.639682		-0.864357
San Jose State					-1.8599		7		24	-1.50358		-0.254597
Portland						-1.8689		9		23	-1.19571		-0.480828
Eastern Kentucky				-1.8739		16		17	-1.1912		-0.487362
Northwestern State				-1.8979		14		15	-0.347105		-1.108
Cal State Fullerton				-1.8999		11		20	-0.642285		-0.898311
Southern Miss					-1.9379		9		22	-1.15042		-0.562767
Central Arkansas				-1.9699		10		21	-0.555891		-1.01019
Florida Gulf Coast				-1.9929		10		22	-0.740414		-0.894926
Army							-2.0169		15		15	-0.609545		-1.00514
Maine							-2.0169		9		22	-0.728626		-0.920622
Texas Southern					-2.0839		15		16	-0.758429		-0.947071
Monmouth						-2.1099		18		13	-0.693939		-1.01125
Iona							-2.1099		11		16	-0.334661		-1.26836
Jackson State					-2.1149		13		17	-0.706629		-1.00618
Milwaukee						-2.1319		12		19	-0.899367		-0.880327
Bucknell						-2.1489		14		20	-0.93349		-0.868101
Morgan State					-2.1719		15		16	-0.368332		-1.28806
Texas A&M-Corpus Christi		-2.1739		14		17	-0.554797		-1.15647
Samford							-2.1799		10		23	-1.29594		-0.631732
Columbia						-2.2209		6		24	-1.43213		-0.563608
LIU								-2.2869		15		18	-0.36856		-1.3702
UNC Asheville					-2.3089		15		16	-0.80759		-1.07275
NJIT							-2.3129		9		21	-1.05417		-0.899286
Canisius						-2.3729		12		19	-0.609483		-1.25986
Mount St. Mary's				-2.3919		11		21	-0.39077		-1.42936
St. Francis (NY)				-2.5309		13		18	-0.437224		-1.49544
Longwood						-2.5729		14		18	-0.848078		-1.23216
South Carolina State			-2.5859		11		17	-0.382541		-1.5741
Fairfield						-2.5959		12		19	-0.603917		-1.42287
Long Beach State				-2.5989		11		21	-1.30077		-0.927542
Detroit							-2.6129		8		23	-1.40041		-0.866274
Tennessee Tech					-2.6789		9		22	-1.16818		-1.07884
Lehigh							-2.6789		11		21	-1.30081		-0.984699
Charleston Southern				-2.6989		14		18	-1.11866		-1.12903
Manhattan						-2.7459		12		17	-0.659101		-1.49081
Cleveland State					-2.7699		11		21	-1.50077		-0.906784
Denver							-2.8159		7		24	-1.2865		-1.0923
Fairleigh Dickinson				-2.8819		11		19	-1.00469		-1.34121
USC Upstate						-2.9359		13		20	-1.26728		-1.19182
Coppin State					-2.9539		11		20	-1.0895		-1.33148
New Orleans						-2.9999		9		21	-0.972518		-1.44801
Idaho							-3.0059		8		23	-1.21511		-1.27914
SIU-Edwardsville				-3.0839		8		23	-1.56245		-1.08676
Florida A&M						-3.1159		12		15	-1.65448		-1.04375
High Point						-3.1359		9		23	-1.20208		-1.38164
Presbyterian					-3.1729		10		22	-1.32392		-1.32082
Binghamton						-3.1809		10		19	-1.37556		-1.28956
UT-Martin						-3.2279		9		20	-1.4488		-1.2706
Cal Poly						-3.3019		7		23	-1.79383		-1.07704
Southeast Missouri State		-3.4139		7		24	-1.45273		-1.4007
IUPUI							-3.4209		7		25	-1.52931		-1.35153
Western Illinois				-3.4989		5		21	-1.57424		-1.37479
Alabama State					-3.7389		8		23	-1.75781		-1.41544
Marist							-3.8649		7		22	-1.26504		-1.8568
Incarnate Word					-4.0429		9		22	-1.49536		-1.82009
Niagara							-4.1649		11		20	-2.25402		-1.36485
Alabama A&M						-4.1899		8		21	-1.8218		-1.69183
Wagner							-4.4449		8		21	-2.01274		-1.73707
Southeastern Louisiana			-4.5369		8		23	-2.11699		-1.72869
Holy Cross						-4.5519		3		29	-2.06162		-1.77878
Houston Baptist					-4.5599		4		25	-2.04964		-1.79325
Howard							-4.8029		3		28	-1.86946		-2.09542
Maryland-Eastern Shore			-4.8489		5		26	-2.40025		-1.74935
Arkansas-Pine Bluff				-4.8819		4		26	-2.2768		-1.86119
Chicago State					-5.0159		4		25	-2.74598		-1.62155
Delaware State					-5.1339		5		25	-2.38635		-1.96271
Central Connecticut				-5.3249		4		27	-2.72742		-1.85524
Kennesaw State					-5.3939		1		28	-3.04977		-1.67417
Mississippi Valley State		-6.3169		3		27	-3.41514		-2.07247
